paste(`
10 DR=0:X=72:Y=8*3
20 READ A,B
30 IF A=255 AND B=255 THEN 80
40 IF A=255 AND B<>255 THEN DR=0:READ A,B:GOTO 60
50 IF A=254 THEN DR=0:READ C,D:print "PAINT";C+X;",";D+Y:XX=C+X:YY=D+Y:GOTO 20
60 IF DR=0 THEN DR=1:print "PLOT";A+X;",";B+Y:XX=A+X:YY=B+Y:GOTO 70
65 IF DR<>0 THEN print "DRAW";XX;",";YY;",";A+X;",";B+Y:XX=A+X:YY=B+Y
70 GOTO 20
80 REM locate 11+(y/8),9+(x/8):print"GWBASIC":locate 14+(y/8),13+(x/8):print"V3.23"
90 GOTO 90
100 DATA 255,1,35,11,58,11,58,33,113,33,113
101 DATA 11,125,11,136,22,136,94,127,94,127,56
110 DATA 64,56,62,54,53,54,52,56,45,56,45,65,35
111 DATA 72,35,11,254,2,37,69,255,1,33,72,33,10
120 DATA 126,10,138,22,138,95,86,95,86,100,82,108
121 DATA 78,113,74,116,68,125,60,129,60,140,10
130 DATA 140,10,109,9,109,9,81,13,75,20,69,21,65
131 DATA 25,58,30,55,33,54,33,54,30,56,26,58,22
140 DATA 65,21,69,14,75,10,81,10,108,11,109,11
141 DATA 139,40,139,40,118,48,118,52,114,52,95,50
150 DATA 92,50,82,65,69,65,57,62,55,59,55,62,58
151 DATA 62,65,61,66,54,66,51,63,42,70,30,76,18
160 DATA 85,18,84,30,75,26,74,23,71,26,73,30,74
161 DATA 33,72,255,1,50,61,52,54,60,55,61,58,61
170 DATA 65,54,65,50,61,255,1,51,92,51,82,66,69
171 DATA 66,57,125,57,125,94,52,94,51,90,255,1
180 DATA 60,11,111,11,111,32,60,32,60,11,255,1
181 DATA 96,14,107,14,107,28,96,28,96,14,254,3,62
190 DATA 31,255,1,98,15,105,15,105,27,98,27,98
191 DATA 15,254,2,99,26,255,1,47,57,50,57,50,59,47
200 DATA 63,47,57,255,1,41,139,41,119,48,119,53
201 DATA 114,53,105,57,107,65,107,65,109,69,114,73
210 DATA 114,73,116,67,125,59,128,59,139,41,139
211 DATA 255,1,53,95,53,100,58,97,53,95,255,1,57
220 DATA 98,53,100,53,95,74,95,64,105,63,105,65
221 DATA 103,60,98,57,98,255,1,78,95,85,95,85,100
230 DATA 81,108,78,112,73,113,70,113,67,109,67
231 DATA 106,78,95,255,1,68,106,68,109,70,112,72
240 DATA 112,76,111,77,108,73,105,68,106,255,1
241 DATA 54,104,62,106,64,103,60,99,57,99,54,101
250 DATA 54,104,255,1,126,11,137,22,137,94,254,1
251 DATA 34,11,254,1,59,11,254,1,97,15,254,1,106
260 DATA 27,254,1,112,15,254,1,126,94,254,1,75
261 DATA 96,254,1,46,57,255,255
`)
